0 0.666678
1 0.333339
%==%
0 1 0 317520 -1.16563e+07 7.34058e+09 0 0.000166667
0 1 1 160183 -9.98874e+06 8.10045e+09 0.0508968 65.5456
1 1 0 317520 -1.16563e+07 7.34058e+09 0 0.000166667
1 1 1 160183 -9.98874e+06 8.10045e+09 0.0508968 65.5456
2 1 0 317520 -1.16563e+07 7.34058e+09 0 0.000166667
2 1 1 160183 -9.98874e+06 8.10045e+09 0.0508968 65.5456
3 1 0 317520 -1.16563e+07 7.34058e+09 0 0.000166667
3 1 1 160183 -9.98874e+06 8.10045e+09 0.0508968 65.5456
4 1 0 317520 -1.16563e+07 7.34058e+09 0 0.000166667
4 1 1 160183 -9.98874e+06 8.10045e+09 0.0508968 65.5456
5 1 0 317520 -1.16563e+07 7.34058e+09 0 0.000166667
5 1 1 160183 -9.98874e+06 8.10045e+09 0.0508968 65.5456
6 1 0 317520 -1.16563e+07 7.34058e+09 0 0.000166667
6 1 1 160183 -9.98874e+06 8.10045e+09 0.0508968 65.5456
7 1 0 39690 10522.3 2846.84 0.265111 0.0379896
7 1 1 19845 5260.89 1423.41 0.265099 0.0380625
